-16
16
-12
12
11111111111111111111111111111111
10000000000000000000000000000001
10000000000000000000000000000001
10020000000000000000000000002001
10000000000000000000000000000001
10000000000000000000000000000001
10000000000000000000000000000001
10000000000000000000000000000001
10000000000000000000000000000001
10000000000000000000000000000001
10000000000000000000000000000001
10000000000000000000000000000001
10000000000000000000000000000001
10000000000000000000000000000001
10000000000000000000000000000001
10000000000000000000000000000001
10000000000000000000000000000001
10000000000000000000000000000001
10000000000000000000000000000001
10000000000000000000000000000001
10020000000000000000000000002001
10000000000000000000000000000001
10000000000000000000000000000001
11111111111111111111111111111111
    